12,1028
12,1027
12,1026
12,1025
12,1024
12,1023
12,1022
12,1021
12,1020
12,1019
12,1018
12,1017
12,1016
12,1015
12,1014
12,1013
12,1012
12,1011
12,1010
12,1009
12,1008
12,1007
12,1006
12,1005
12,1004
12,1003
12,1002
12,1001
12,1000
12,999
12,998
12,997
12,996
12,995
12,994
12,993
12,992
12,991
12,990
12,989
12,988
12,987
12,986
12,985
12,984
12,983
12,982
12,981
12,980
12,979
12,978
12,977
12,976
12,975
12,974
12,973
12,972
12,971
12,970
12,969
12,968
12,967
12,966
12,965
12,964
12,963
12,962
12,961
12,960
12,959
12,958
12,957
12,956
12,955
12,954
12,953
12,952
12,951
12,950
12,949
12,948
12,947
12,946
12,945
12,944
12,943
12,942
12,941
12,940
12,939
12,938
12,937
12,936
12,935
12,934
12,933
12,932
12,931
12,930
12,929
12,928
12,927
12,926
12,925
12,924
12,923
12,922
12,921
12,920
12,919
12,918
12,917
12,916
12,915
12,914
12,913
12,912
12,911
12,910
12,909
12,908
12,907
12,906
12,905
12,904
12,903
12,902
12,901
12,900
12,899
12,898
12,897
12,895
12,894
12,893
12,892
12,891
12,890
12,889
12,888
12,887
12,886
12,885
12,884
12,883
12,882
12,881
12,880
12,879
12,878
12,877
12,876
12,875
12,874
12,873
12,872
12,871
12,870
12,869
12,868
12,867
12,866
12,865
12,864
12,863
12,862
12,861
12,860
12,859
12,858
12,857
12,856
12,855
12,854
12,853
12,852
12,851
12,850
12,849
12,848
12,847
12,846
12,845
12,844
12,843
12,842
12,841
12,840
12,839
12,838
12,837
12,836
12,835
12,834
12,833
12,831
12,830
12,829
12,828
12,827
12,826
12,825
12,824
12,823
12,822
12,821
12,820
12,819
12,818
12,817
12,816
12,815
12,814
12,813
12,812
12,811
12,810
12,809
12,808
12,807
12,806
12,805
12,804
12,803
12,802
12,801
12,3
12,2
12,0
7,3
5,3
4,3
3,2
2,2
1,2
0,9
12,1029
12,1030
12,1032
12,1033
12,1035
12,1036
12,1038
12,1040
12,1041
12,1043
12,1044
12,1046
12,1048
12,1049
12,1051
12,1052
12,1054
12,1055
12,1057
12,1059
12,1060
12,1062
12,1063
12,1065
12,1067
12,1068
12,1070
12,1071
12,1073
12,1074
12,1088
12,1216
14,0
14,2
14,3
14,5
15,0
15,1
15,3
15,2
14,6
14,4
14,1
12,1152
12,1075
12,1072
12,1069
12,1066
12,1064
12,1061
12,1058
12,1056
12,1053
12,1050
12,1047
12,1045
12,1042
12,1039
12,1037
12,1034
12,1031
1,45
3,44
2,44
1,44
3,43
2,43
1,43
3,42
2,42
1,42
3,41
2,41
1,41
3,40
2,40
1,40
3,39
2,39
1,39
3,38
2,38
1,38
3,37
2,37
1,37
3,36
2,36
1,36
3,35
2,35
1,35
3,34
2,34
1,34
3,33
2,33
1,33
3,32
2,32
1,32
3,31
2,31
1,31
3,30
2,30
1,30
3,29
2,29
1,29
3,28
2,28
1,28
3,27
2,27
1,27
3,26
2,26
1,26
3,25
2,25
1,25
3,24
2,24
1,24
3,23
2,23
1,23
3,22
2,22
1,22
3,21
2,21
1,21
3,20
2,20
1,20
3,19
2,19
1,19
3,18
2,18
1,18
3,17
2,17
1,17
3,16
2,16
1,16
3,15
2,15
1,15
3,14
2,14
1,14
3,13
2,13
1,13
3,12
2,12
1,12
3,11
2,11
1,11
3,10
2,10
1,10
3,9
2,9
1,9
3,8
2,8
1,8
3,7
2,7
1,7
3,6
2,6
1,6
3,5
2,5
1,5
3,4
2,4
1,4
3,3
3,0
2,3
2,0
1,3
1,0
0,6
0,0
0,47
0,46
0,49
0,48
0,45
0,12
0,10
0,8
0,11
0,5
0,7
0,4
0,3
